b= 300
k1 = 5700
k2 = 135000
M1=500
M2=50